        Legende : drive_uart.tx_byte_o, drive_uart.tx_load_o, drive_uart.mem_data_i, drive_uart.addr_o   
	        0, 00, 0, 00, xx
               10000, 00, 0, 00, 00
               30000, 00, 0, xx, 00
               50000, 00, 0, 00, 00
             6870000, 4f, 1, 00, 00
             6890000, 4b, 1, 00, 00
             6910000, 0a, 1, 00, 00
             6930000, 00, 0, 00, 00
            14010000, 4f, 1, 00, 00
            14030000, 4b, 1, 00, 00
            14050000, 0a, 1, 00, 00
            14070000, 00, 0, 00, 00
            17790000, 4f, 1, 00, 00
            17810000, 4b, 1, 00, 00
            17830000, 0a, 1, 00, 00
            17850000, 00, 0, 00, 00
            21570000, 00, 0, 00, 01
            24930000, 00, 0, 00, 02
            28290000, 00, 0, 00, 03
            31650000, 00, 0, 00, 04
            35010000, 00, 0, 00, 05
            38370000, 00, 0, 00, 06
            41730000, 00, 0, 00, 07
            45090000, 00, 0, 00, 08
            48450000, 00, 0, 00, 09
            51810000, 00, 0, 00, 0a
            55170000, 00, 0, 00, 0b
            58530000, 00, 0, 00, 0c
            61890000, 00, 0, 00, 0d
            65250000, 00, 0, 00, 0e
            68610000, 00, 0, 00, 0f
            71970000, 00, 0, 00, 10
            75330000, 00, 0, 00, 11
            78690000, 00, 0, 00, 12
            82050000, 00, 0, 00, 13
            85410000, 00, 0, 00, 14
            88770000, 00, 0, 00, 15
            92130000, 00, 0, 00, 16
            95490000, 4f, 1, 00, 17
            95510000, 4b, 1, 00, 17
            95530000, 0a, 1, 00, 17
            95550000, 00, 0, 00, 17
            95570000, 00, 0, 00, 00
            97190000, 00, 0, 20, 00
           101310000, 4f, 1, 20, 00
           101330000, 4b, 1, 20, 00
           101350000, 0a, 1, 20, 00
           101370000, 00, 0, 20, 00
           102370000, 20, 1, 20, 00
           102390000, 00, 0, 14, 01
           102410000, 14, 1, 14, 01
           102430000, 00, 0, 29, 02
           102450000, 29, 1, 29, 02
           102470000, 00, 0, 39, 03
           102490000, 39, 1, 39, 03
           102510000, 00, 0, 75, 04
           102530000, 75, 1, 75, 04
           102550000, 00, 0, f9, 05
           102570000, f9, 1, f9, 05
           102590000, 00, 0, 2c, 06
           102610000, 2c, 1, 2c, 06
           102630000, 00, 0, 24, 07
           102650000, 24, 1, 24, 07
           102670000, 00, 0, 20, 08
           102690000, 20, 1, 20, 08
           102710000, 00, 0, 14, 09
           102710000, 00, 0, 7a, 09
           102730000, 7a, 1, 7a, 09
           102750000, 00, 0, 15, 0a
           102770000, 15, 1, 15, 0a
           102790000, 00, 0, bf, 0b
           102810000, bf, 1, bf, 0b
           102830000, 00, 0, 4f, 0c
           102850000, 4f, 1, 4f, 0c
           102870000, 00, 0, 42, 0d
           102890000, 42, 1, 42, 0d
           102910000, 00, 0, c6, 0e
           102930000, c6, 1, c6, 0e
           102950000, 00, 0, 2e, 0f
           102970000, 2e, 1, 2e, 0f
           102990000, 00, 0, 27, 10
           103010000, 27, 1, 27, 10
           103030000, 00, 0, 7a, 11
           103030000, 00, 0, 65, 11
           103050000, 65, 1, 65, 11
           103070000, 00, 0, 50, 12
           103090000, 50, 1, 50, 12
           103110000, 00, 0, ba, 13
           103130000, ba, 1, ba, 13
           103150000, 00, 0, 5a, 14
           103170000, 5a, 1, 5a, 14
           103190000, 00, 0, 29, 15
           103210000, 29, 1, 29, 15
           103230000, 00, 0, 87, 16
           103250000, 87, 1, 87, 16
           103270000, 00, 0, 0e, 17
           103290000, 0e, 1, 0e, 17
           103310000, 00, 0, b5, 18
           103330000, b5, 1, b5, 18
           103350000, 00, 0, 65, 19
           103350000, 00, 0, 6d, 19
           103370000, 6d, 1, 6d, 19
           103390000, 00, 0, bf, 1a
           103410000, bf, 1, bf, 1a
           103430000, 00, 0, a9, 1b
           103450000, a9, 1, a9, 1b
           103470000, 00, 0, f0, 1c
           103490000, f0, 1, f0, 1c
           103510000, 00, 0, af, 1d
           103530000, af, 1, af, 1d
           103550000, 00, 0, f0, 1e
           103570000, f0, 1, f0, 1e
           103590000, 00, 0, dc, 1f
           103610000, dc, 1, dc, 1f
           103630000, 00, 0, ee, 20
           103650000, ee, 1, ee, 20
           103670000, 00, 0, 6d, 21
           103670000, 00, 0, 71, 21
           103690000, 71, 1, 71, 21
           103710000, 00, 0, 88, 22
           103730000, 88, 1, 88, 22
           103750000, 00, 0, 7f, 23
           103770000, 7f, 1, 7f, 23
           103790000, 00, 0, 6d, 24
           103810000, 6d, 1, 6d, 24
           103830000, 00, 0, d7, 25
           103850000, d7, 1, d7, 25
           103870000, 00, 0, 32, 26
           103890000, 32, 1, 32, 26
           103910000, 00, 0, c6, 27
           103930000, c6, 1, c6, 27
           103950000, 00, 0, ca, 28
           103970000, ca, 1, ca, 28
           103990000, 00, 0, 71, 29
           103990000, 00, 0, f2, 29
           104010000, f2, 1, f2, 29
           104030000, 00, 0, 41, 2a
           104050000, 41, 1, 41, 2a
           104070000, 00, 0, c5, 2b
           104090000, c5, 1, c5, 2b
           104110000, 00, 0, 14, 2c
           104130000, 14, 1, 14, 2c
           104150000, 00, 0, 4e, 2d
           104170000, 4e, 1, 4e, 2d
           104190000, 00, 0, 58, 2e
           104210000, 58, 1, 58, 2e
           104230000, 00, 0, b6, 2f
           104250000, b6, 1, b6, 2f
           104270000, 00, 0, 7f, 30
           104290000, 7f, 1, 7f, 30
           104310000, 00, 0, f2, 31
           104310000, 00, 0, 30, 31
           104330000, 30, 1, 30, 31
           104350000, 00, 0, af, 32
           104370000, af, 1, af, 32
           104390000, 00, 0, 63, 33
           104410000, 63, 1, 63, 33
           104430000, 00, 0, 9d, 34
           104450000, 9d, 1, 9d, 34
           104470000, 00, 0, 60, 35
           104490000, 60, 1, 60, 35
           104510000, 00, 0, 79, 36
           104530000, 79, 1, 79, 36
           104550000, 00, 0, 0f, 37
           104570000, 0f, 1, 0f, 37
           104590000, 00, 0, d7, 38
           104610000, d7, 1, d7, 38
           104630000, 00, 0, 30, 39
           104630000, 00, 0, 5d, 39
           104650000, 5d, 1, 5d, 39
           104670000, 00, 0, a7, 3a
           104690000, a7, 1, a7, 3a
           104710000, 00, 0, 0d, 3b
           104730000, 0d, 1, 0d, 3b
           104750000, 00, 0, a0, 3c
           104770000, a0, 1, a0, 3c
           104790000, 00, 0, 62, 3d
           104810000, 62, 1, 62, 3d
           104830000, 00, 0, 95, 3e
           104850000, 95, 1, 95, 3e
           104870000, 00, 0, b8, 3f
           104890000, b8, 1, b8, 3f
           104910000, 00, 0, ff, 40
           104930000, ff, 1, ff, 40
           104950000, 00, 0, 5d, 41
           104950000, 00, 0, 7c, 41
           104970000, 7c, 1, 7c, 41
           104990000, 00, 0, 84, 42
           105010000, 84, 1, 84, 42
           105030000, 00, 0, 9b, 43
           105050000, 9b, 1, 9b, 43
           105070000, 00, 0, 9d, 44
           105090000, 9d, 1, 9d, 44
           105110000, 00, 0, 55, 45
           105130000, 55, 1, 55, 45
           105150000, 00, 0, bd, 46
           105170000, bd, 1, bd, 46
           105190000, 00, 0, 2f, 47
           105210000, 2f, 1, 2f, 47
           105230000, 00, 0, 63, 48
           105250000, 63, 1, 63, 48
           105270000, 00, 0, 7c, 49
           105270000, 00, 0, 12, 49
           105290000, 12, 1, 12, 49
           105310000, 00, 0, cb, 4a
           105330000, cb, 1, cb, 4a
           105350000, 00, 0, 7f, 4b
           105370000, 7f, 1, 7f, 4b
           105390000, 00, 0, e1, 4c
           105410000, e1, 1, e1, 4c
           105430000, 00, 0, e7, 4d
           105450000, e7, 1, e7, 4d
           105470000, 00, 0, 62, 4e
           105490000, 62, 1, 62, 4e
           105510000, 00, 0, 6f, 4f
           105530000, 6f, 1, 6f, 4f
           105550000, 00, 0, e3, 50
           105570000, e3, 1, e3, 50
           105590000, 00, 0, 12, 51
           105590000, 00, 0, bd, 51
           105610000, bd, 1, bd, 51
           105630000, 00, 0, f5, 52
           105650000, f5, 1, f5, 52
           105670000, 00, 0, 52, 53
           105690000, 52, 1, 52, 53
           105710000, 00, 0, 0f, 54
           105730000, 0f, 1, 0f, 54
           105750000, 00, 0, 47, 55
           105770000, 47, 1, 47, 55
           105790000, 00, 0, e6, 56
           105810000, e6, 1, e6, 56
           105830000, 00, 0, a0, 57
           105850000, a0, 1, a0, 57
           105870000, 00, 0, 12, 58
           105890000, 12, 1, 12, 58
           105910000, 00, 0, bd, 59
           105910000, 00, 0, e7, 59
           105930000, e7, 1, e7, 59
           105950000, 00, 0, 5a, 5a
           105970000, 5a, 1, 5a, 5a
           105990000, 00, 0, a8, 5b
           106010000, a8, 1, a8, 5b
           106030000, 00, 0, 5a, 5c
           106050000, 5a, 1, 5a, 5c
           106070000, 00, 0, 95, 5d
           106090000, 95, 1, 95, 5d
           106110000, 00, 0, db, 5e
           106130000, db, 1, db, 5e
           106150000, 00, 0, 94, 5f
           106170000, 94, 1, 94, 5f
           106190000, 00, 0, 74, 60
           106210000, 74, 1, 74, 60
           106230000, 00, 0, e7, 61
           106230000, 00, 0, 43, 61
           106250000, 43, 1, 43, 61
           106270000, 00, 0, f6, 62
           106290000, f6, 1, f6, 62
           106310000, 00, 0, a1, 63
           106330000, a1, 1, a1, 63
           106350000, 00, 0, 1e, 64
           106370000, 1e, 1, 1e, 64
           106390000, 00, 0, a7, 65
           106410000, a7, 1, a7, 65
           106430000, 00, 0, d2, 66
           106450000, d2, 1, d2, 66
           106470000, 00, 0, 58, 67
           106490000, 58, 1, 58, 67
           106510000, 00, 0, 6f, 68
           106530000, 6f, 1, 6f, 68
           106550000, 00, 0, 43, 69
           106550000, 00, 0, d5, 69
           106570000, d5, 1, d5, 69
           106590000, 00, 0, 87, 6a
           106610000, 87, 1, 87, 6a
           106630000, 00, 0, 3d, 6b
           106650000, 3d, 1, 3d, 6b
           106670000, 00, 0, d7, 6c
           106690000, d7, 1, d7, 6c
           106710000, 00, 0, 22, 6d
           106730000, 22, 1, 22, 6d
           106750000, 00, 0, 43, 6e
           106770000, 43, 1, 43, 6e
           106790000, 00, 0, 2a, 6f
           106810000, 2a, 1, 2a, 6f
           106830000, 00, 0, 4c, 70
           106850000, 4c, 1, 4c, 70
           106870000, 00, 0, d5, 71
           106870000, 00, 0, 20, 71
           106890000, 20, 1, 20, 71
           106910000, 00, 0, 00, 72
           106930000, 00, 1, 00, 72
           106950000, 00, 0, d1, 73
           106970000, d1, 1, d1, 73
           106990000, 00, 0, 95, 74
           107010000, 95, 1, 95, 74
           107030000, 00, 0, 5c, 75
           107050000, 5c, 1, 5c, 75
           107070000, 00, 0, 1d, 76
           107090000, 1d, 1, 1d, 76
           107110000, 00, 0, e0, 77
           107130000, e0, 1, e0, 77
           107150000, 00, 0, 75, 78
           107170000, 75, 1, 75, 78
           107190000, 00, 0, 20, 79
           107190000, 00, 0, 7d, 79
           107210000, 7d, 1, 7d, 79
           107230000, 00, 0, dd, 7a
           107250000, dd, 1, dd, 7a
           107270000, 00, 0, 63, 7b
           107290000, 63, 1, 63, 7b
           107310000, 00, 0, 8e, 7c
           107330000, 8e, 1, 8e, 7c
           107350000, 00, 0, 1e, 7d
           107370000, 1e, 1, 1e, 7d
           107390000, 00, 0, 20, 7e
           107410000, 20, 1, 20, 7e
           107430000, 00, 0, 48, 7f
           107450000, 48, 1, 48, 7f
           107470000, 00, 0, fb, 80
           107490000, fb, 1, fb, 80
           107510000, 00, 0, 7d, 81
           107510000, 00, 0, 8f, 81
           107530000, 8f, 1, 8f, 81
           107550000, 00, 0, d4, 82
           107570000, d4, 1, d4, 82
           107590000, 00, 0, d9, 83
           107610000, d9, 1, d9, 83
           107630000, 00, 0, 26, 84
           107650000, 26, 1, 26, 84
           107670000, 00, 0, fe, 85
           107690000, fe, 1, fe, 85
           107710000, 00, 0, a2, 86
           107730000, a2, 1, a2, 86
           107750000, 00, 0, 05, 87
           107770000, 05, 1, 05, 87
           107790000, 00, 0, 5b, 88
           107810000, 5b, 1, 5b, 88
           107830000, 00, 0, 8f, 89
           107830000, 00, 0, 79, 89
           107850000, 79, 1, 79, 89
           107870000, 00, 0, e3, 8a
           1