                   0, 00, 0, 00, xx
               10000, 00, 0, 00, 00
               30000, 00, 0, xx, 00
               50000, 00, 0, 00, 00
             6870000, 4f, 1, 00, 00
             6890000, 4b, 1, 00, 00
             6910000, 0a, 1, 00, 00
             6930000, 00, 0, 00, 00
            14010000, 4f, 1, 00, 00
            14030000, 4b, 1, 00, 00
            14050000, 0a, 1, 00, 00
            14070000, 00, 0, 00, 00
            17790000, 4f, 1, 00, 00
            17810000, 4b, 1, 00, 00
            17830000, 0a, 1, 00, 00
            17850000, 00, 0, 00, 00
            21570000, 00, 0, 00, 01
            24930000, 00, 0, 00, 02
            28290000, 00, 0, 00, 03
            31650000, 00, 0, 00, 04
            35010000, 00, 0, 00, 05
            38370000, 00, 0, 00, 06
            41730000, 00, 0, 00, 07
            45090000, 00, 0, 00, 08
            48450000, 00, 0, 00, 09
            51810000, 00, 0, 00, 0a
            55170000, 00, 0, 00, 0b
            58530000, 00, 0, 00, 0c
            61890000, 00, 0, 00, 0d
            65250000, 00, 0, 00, 0e
            68610000, 00, 0, 00, 0f
            71970000, 00, 0, 00, 10
            75330000, 00, 0, 00, 11
            78690000, 00, 0, 00, 12
            82050000, 00, 0, 00, 13
            85410000, 00, 0, 00, 14
            88770000, 00, 0, 00, 15
            92130000, 00, 0, 00, 16
            95490000, 4f, 1, 00, 17
            95510000, 4b, 1, 00, 17
            95530000, 0a, 1, 00, 17
            95550000, 00, 0, 00, 17
            95570000, 00, 0, 00, 00
            97190000, 00, 0, 20, 00
           101310000, 4f, 1, 20, 00
           101330000, 4b, 1, 20, 00
           101350000, 0a, 1, 20, 00
           101370000, 00, 0, 20, 00
           102390000, 20, 1, 20, 00
           102410000, 00, 0, 14, 01
           102470000, 14, 1, 14, 01
           102490000, 00, 0, 29, 02
           102550000, 29, 1, 29, 02
           102570000, 00, 0, 39, 03
           102630000, 39, 1, 39, 03
           102650000, 00, 0, 75, 04
           102710000, 75, 1, 75, 04
           102730000, 00, 0, f9, 05
           102790000, f9, 1, f9, 05
           102810000, 00, 0, 2c, 06
           102870000, 2c, 1, 2c, 06
           102890000, 00, 0, 24, 07
           102950000, 24, 1, 24, 07
           102970000, 00, 0, 20, 08
           103010000, 00, 0, 27, 08
           103030000, 27, 1, 27, 08
           103050000, 00, 0, 7a, 09
           103110000, 7a, 1, 7a, 09
           103130000, 00, 0, 15, 0a
           103190000, 15, 1, 15, 0a
           103210000, 00, 0, bf, 0b
           103270000, bf, 1, bf, 0b
           103290000, 00, 0, 4f, 0c
           103350000, 4f, 1, 4f, 0c
           103370000, 00, 0, 42, 0d
           103430000, 42, 1, 42, 0d
           103450000, 00, 0, c6, 0e
           103510000, c6, 1, c6, 0e
           103530000, 00, 0, 2e, 0f
           103590000, 2e, 1, 2e, 0f
           103610000, 00, 0, 27, 10
           103650000, 00, 0, b5, 10
           103670000, b5, 1, b5, 10
           103690000, 00, 0, 65, 11
           103750000, 65, 1, 65, 11
           103770000, 00, 0, 50, 12
           103830000, 50, 1, 50, 12
           103850000, 00, 0, ba, 13
           103910000, ba, 1, ba, 13
           103930000, 00, 0, 5a, 14
           103990000, 5a, 1, 5a, 14
           104010000, 00, 0, 29, 15
           104070000, 29, 1, 29, 15
           104090000, 00, 0, 87, 16
           104150000, 87, 1, 87, 16
           104170000, 00, 0, 0e, 17
           104230000, 0e, 1, 0e, 17
           104250000, 00, 0, b5, 18
           104290000, 00, 0, ee, 18
           104310000, ee, 1, ee, 18
           104330000, 00, 0, 6d, 19
           104390000, 6d, 1, 6d, 19
           104410000, 00, 0, bf, 1a
           104470000, bf, 1, bf, 1a
           104490000, 00, 0, a9, 1b
           104550000, a9, 1, a9, 1b
           104570000, 00, 0, f0, 1c
           104630000, f0, 1, f0, 1c
           104650000, 00, 0, af, 1d
           104710000, af, 1, af, 1d
           104730000, 00, 0, f0, 1e
           104790000, f0, 1, f0, 1e
           104810000, 00, 0, dc, 1f
           104870000, dc, 1, dc, 1f
           104890000, 00, 0, ee, 20
           104930000, 00, 0, ca, 20
           104950000, ca, 1, ca, 20
           104970000, 00, 0, 71, 21
           105030000, 71, 1, 71, 21
           105050000, 00, 0, 88, 22
           105110000, 88, 1, 88, 22
           105130000, 00, 0, 7f, 23
           105190000, 7f, 1, 7f, 23
           105210000, 00, 0, 6d, 24
           105270000, 6d, 1, 6d, 24
           105290000, 00, 0, d7, 25
           105350000, d7, 1, d7, 25
           105370000, 00, 0, 32, 26
           105430000, 32, 1, 32, 26
           105450000, 00, 0, c6, 27
           105510000, c6, 1, c6, 27
           105530000, 00, 0, ca, 28
           105570000, 00, 0, 7f, 28
           105590000, 7f, 1, 7f, 28
           105610000, 00, 0, f2, 29
           105670000, f2, 1, f2, 29
           105690000, 00, 0, 41, 2a
           105750000, 41, 1, 41, 2a
           105770000, 00, 0, c5, 2b
           105830000, c5, 1, c5, 2b
           105850000, 00, 0, 14, 2c
           105910000, 14, 1, 14, 2c
           105930000, 00, 0, 4e, 2d
           105990000, 4e, 1, 4e, 2d
           106010000, 00, 0, 58, 2e
           106070000, 58, 1, 58, 2e
           106090000, 00, 0, b6, 2f
           106150000, b6, 1, b6, 2f
           106170000, 00, 0, 7f, 30
           106210000, 00, 0, d7, 30
           106230000, d7, 1, d7, 30
           106250000, 00, 0, 30, 31
           106310000, 30, 1, 30, 31
           106330000, 00, 0, af, 32
           106390000, af, 1, af, 32
           106410000, 00, 0, 63, 33
           106470000, 63, 1, 63, 33
           106490000, 00, 0, 9d, 34
           106550000, 9d, 1, 9d, 34
           106570000, 00, 0, 60, 35
           106630000, 60, 1, 60, 35
           106650000, 00, 0, 79, 36
           106710000, 79, 1, 79, 36
           106730000, 00, 0, 0f, 37
           106790000, 0f, 1, 0f, 37
           106810000, 00, 0, d7, 38
           106850000, 00, 0, ff, 38
           106870000, ff, 1, ff, 38
           106890000, 00, 0, 5d, 39
           106950000, 5d, 1, 5d, 39
           106970000, 00, 0, a7, 3a
           107030000, a7, 1, a7, 3a
           107050000, 00, 0, 0d, 3b
           107110000, 0d, 1, 0d, 3b
           107130000, 00, 0, a0, 3c
           107190000, a0, 1, a0, 3c
           107210000, 00, 0, 62, 3d
           107270000, 62, 1, 62, 3d
           107290000, 00, 0, 95, 3e
           107350000, 95, 1, 95, 3e
           107370000, 00, 0, b8, 3f
           107430000, b8, 1, b8, 3f
           107450000, 00, 0, ff, 40
           107490000, 00, 0, 63, 40
           107510000, 63, 1, 63, 40
           107530000, 00, 0, 7c, 41
           107590000, 7c, 1, 7c, 41
           107610000, 00, 0, 84, 42
           107670000, 84, 1, 84, 42
           107690000, 00, 0, 9b, 43
           107750000, 9b, 1, 9b, 43
           107770000, 00, 0, 9d, 44
           107830000, 9d, 1, 9d, 44
           107850000, 00, 0, 55, 45
           107910000, 55, 1, 55, 45
           107930000, 00, 0, bd, 46
           107990000, bd, 1, bd, 46
           108010000, 00, 0, 2f, 47
           108070000, 2f, 1, 2f, 47
           108090000, 00, 0, 63, 48
           108130000, 00, 0, e3, 48
           108150000, e3, 1, e3, 48
           108170000, 00, 0, 12, 49
           108230000, 12, 1, 12, 49
           108250000, 00, 0, cb, 4a
           108310000, cb, 1, cb, 4a
           108330000, 00, 0, 7f, 4b
           108390000, 7f, 1, 7f, 4b
           108410000, 00, 0, e1, 4c
           108470000, e1, 1, e1, 4c
           108490000, 00, 0, e7, 4d
           108550000, e7, 1, e7, 4d
           108570000, 00, 0, 62, 4e
           108630000, 62, 1, 62, 4e
           108650000, 00, 0, 6f, 4f
           108710000, 6f, 1, 6f, 4f
           108730000, 00, 0, e3, 50
           108770000, 00, 0, 12, 50
           108790000, 12, 1, 12, 50
           108810000, 00, 0, bd, 51
           108870000, bd, 1, bd, 51
           108890000, 00, 0, f5, 52
           108950000, f5, 1, f5, 52
           108970000, 00, 0, 52, 53
           109030000, 52, 1, 52, 53
           109050000, 00, 0, 0f, 54
           109110000, 0f, 1, 0f, 54
           109130000, 00, 0, 47, 55
           109190000, 47, 1, 47, 55
           109210000, 00, 0, e6, 56
           109270000, e6, 1, e6, 56
           109290000, 00, 0, a0, 57
           109350000, a0, 1, a0, 57
           109370000, 00, 0, 12, 58
           109410000, 00, 0, 74, 58
           109430000, 74, 1, 74, 58
           109450000, 00, 0, e7, 59
           109510000, e7, 1, e7, 59
           109530000, 00, 0, 5a, 5a
           109590000, 5a, 1, 5a, 5a
           109610000, 00, 0, a8, 5b
           109670000, a8, 1, a8, 5b
           109690000, 00, 0, 5a, 5c
           109750000, 5a, 1, 5a, 5c
           109770000, 00, 0, 95, 5d
           109830000, 95, 1, 95, 5d
           109850000, 00, 0, db, 5e
           109910000, db, 1, db, 5e
           109930000, 00, 0, 94, 5f
           109990000, 94, 1, 94, 5f
           110010000, 00, 0, 74, 60
           110050000, 00, 0, 6f, 60
           110070000, 6f, 1, 6f, 60
           110090000, 00, 0, 43, 61
           110150000, 43, 1, 43, 61
           110170000, 00, 0, f6, 62
           110230000, f6, 1, f6, 62
           110250000, 00, 0, a1, 63
           110310000, a1, 1, a1, 63
           110330000, 00, 0, 1e, 64
           110390000, 1e, 1, 1e, 64
           110410000, 00, 0, a7, 65
           110470000, a7, 1, a7, 65
           110490000, 00, 0, d2, 66
           110550000, d2, 1, d2, 66
           110570000, 00, 0, 58, 67
           110630000, 58, 1, 58, 67
           110650000, 00, 0, 6f, 68
           110690000, 00, 0, 4c, 68
           110710000, 4c, 1, 4c, 68
           110730000, 00, 0, d5, 69
           110790000, d5, 1, d5, 69
           110810000, 00, 0, 87, 6a
           110870000, 87, 1, 87, 6a
           110890000, 00, 0, 3d, 6b
           110950000, 3d, 1, 3d, 6b
           110970000, 00, 0, d7, 6c
           111030000, d7, 1, d7, 6c
           111050000, 00, 0, 22, 6d
           111110000, 22, 1, 22, 6d
           111130000, 00, 0, 43, 6e
           111190000, 43, 1, 43, 6e
           111210000, 00, 0, 2a, 6f
           111270000, 2a, 1, 2a, 6f
           111290000, 00, 0, 4c, 70
           111330000, 00, 0, 75, 70
           111350000, 75, 1, 75, 70
           111370000, 00, 0, 20, 71
           111430000, 20, 1, 20, 71
           111450000, 00, 0, 00, 72
           111510000, 00, 1, 00, 72
           111530000, 00, 0, d1, 73
           111590000, d1, 1, d1, 73
           111610000, 00, 0, 95, 74
           111670000, 95, 1, 95, 74
           111690000, 00, 0, 5c, 75
           111750000, 5c, 1, 5c, 75
           111770000, 00, 0, 1d, 76
           111830000, 1d, 1, 1d, 76
           111850000, 00, 0, e0, 77
           111910000, e0, 1, e0, 77
           111930000, 00, 0, 75, 78
           111970000, 00, 0, fb, 78
           111990000, fb, 1, fb, 78
           112010000, 00, 0, 7d, 79
           112070000, 7d, 1, 7d, 79
           112090000, 00, 0, dd, 7a
           112150000, dd, 1, dd, 7a
           112170000, 00, 0, 63, 7b
           112230000, 63, 1, 63, 7b
           112250000, 00, 0, 8e, 7c
           112310000, 8e, 1, 8e, 7c
           112330000, 00, 0, 1e, 7d
           112390000, 1e, 1, 1e, 7d
           112410000, 00, 0, 20, 7e
           112470000, 20, 1, 20, 7e
           112490000, 00, 0, 48, 7f
           112550000, 48, 1, 48, 7f
           112570000, 00, 0, fb, 80
           112610000, 00, 0, 5b, 80
           112630000, 5b, 1, 5b, 80
           112650000, 00, 0, 8f, 81
           112710000, 8f, 1, 8f, 81
           112730000, 00, 0, d4, 82
           112790000, d4, 1, d4, 82
           112810000, 00, 0, d9, 83
           112870000, d9, 1, d9, 83
           112890000, 00, 0, 26, 84
           112950000, 26, 1, 26, 84
           112970000, 00, 0, fe, 85
           113030000, fe, 1, fe, 85
           113050000, 00, 0, a2, 86
           113110000, a2, 1, a2, 86
           113130000, 00, 0, 05, 87
           113190000, 05, 1, 05, 87
           113210000, 00, 0, 5b, 88
           113250000, 00, 0, 7b, 88
           113270000, 7b, 1, 7b, 88
           113290000, 00, 0, 79, 89
           113350000, 79, 1, 79, 89
           113370000, 00, 0, e3, 8a
           113430000, e3, 1, e3, 8a
           113450000, 00, 0, 40, 8b
           113510000, 40, 1, 40, 8b
           113530000, 00, 0, 5b, 8c
           113590000, 5b, 1, 5b, 8c
           113610000, 00, 0, 92, 8d
           113670000, 92, 1, 92, 8d
           113690000, 00, 0, d2, 8e
           113750000, d2, 1, d2, 8e
           113770000, 00, 0, 6d, 8f
           113830000, 6d, 1, 6d, 8f
           113850000, 00, 0, 7b, 90
           113890000, 00, 0, 0f, 90
           113910000, 0f, 1, 0f, 90
           113930000, 00, 0, 65, 91
           113990000, 65, 1, 65, 91
           114010000, 00, 0, 2f, 92
           114070000, 2f, 1, 2f, 92
           114090000, 00, 0, 1d, 93
           114150000, 1d, 1, 1d, 93
           114170000, 00, 0, e9, 94
           114230000, e9, 1, e9, 94
           114250000, 00, 0, 97, 95
           114310000, 97, 1, 97, 95
           114330000, 00, 0, cc, 96
           114390000, cc, 1, cc, 96
           114410000, 00, 0, 61, 97
           114470000, 61, 1, 61, 97
           114490000, 00, 0, 0f, 98
           114530000, 00, 0, 70, 98
           114550000, 70, 1, 70, 98
           114570000, 00, 0, f9, 99
           114630000, f9, 1, f9, 99
           114650000, 00, 0, 99, 9a
           114710000, 99, 1, 99, 9a
           114730000, 00, 0, f7, 9b
           114790000, f7, 1, f7, 9b
           114810000, 00, 0, 89, 9c
           114870000, 89, 1, 89, 9c
           114890000, 00, 0, b8, 9d
           114950000, b8, 1, b8, 9d
           114970000, 00, 0, a4, 9e
           115030000, a4, 1, a4, 9e
           115050000, 00, 0, 88, 9f
           115110000, 88, 1, 88, 9f
           115130000, 00, 0, 70, a0
           115170000, 00, 0, 64, a0
           115190000, 64, 1, 64, a0
           115210000, 00, 0, 19, a1
           115270000, 19, 1, 19, a1
           115290000, 00, 0, d5, a2
           115350000, d5, 1, d5, a2
           115370000, 00, 0, fa, a3
           115430000, fa, 1, fa, a3
           115450000, 00, 0, 64, a4
           115510000, 64, 1, 64, a4
           115530000, 00, 0, 6b, a5
           115590000, 6b, 1, 6b, a5
           115610000, 00, 0, 63, a6
           115670000, 63, 1, 63, a6
           115690000, 00, 0, ac, a7
           115750000, ac, 1, ac, a7
           115770000, 00, 0, 64, a8
           115810000, 00, 0, f1, a8
           115830000, f1, 1, f1, a8
           115850000, 00, 0, 5c, a9
           115910000, 5c, 1, 5c, a9
           115930000, 00, 0, 4d, aa
           115990000, 4d, 1, 4d, aa
           116010000, 00, 0, 23, ab
           116070000, 23, 1, 23, ab
           116090000, 00, 0, d5, ac
           116150000, d5, 1, d5, ac
           116170000, 00, 0, e3, ad
           116230000, e3, 1, e3, ad
           116250000, 00, 0, 5b, ae
           116310000, 5b, 1, 5b, ae
           116330000, 00, 0, 71, af
           116390000, 71, 1, 71, af
           116410000, 00, 0, f1, b0
           116450000, 00, 0, 00, b0
           116470000, 00, 1, 00, b0
           116490000, 00, 0, 00, b1
           116550000, 00, 1, 00, b1
           116570000, 00, 0, 00, b2
           116630000, 00, 1, 00, b2
           116650000, 00, 0, 00, b3
           116710000, 00, 1, 00, b3
           116730000, 00, 0, 00, b4
           116790000, 00, 1, 00, b4
           116810000, 00, 0, 00, b5
           116870000, 00, 1, 00, b5
           116890000, 00, 0, 00, b6
           116950000, 00, 1, 00, b6
           116970000, 00, 0, 00, b7
           116990000, 4f, 1, 00, b7
           117010000, 4b, 1, 00, b7
           117030000, 0a, 1, 00, b7
           117050000, 00, 0, 00, b7
           117070000, 00, 0, 00, 00
           117110000, 00, 0, 20, 00
